  11 # base-pairs
   0 # ***local base-pair & step parameters***
#        Shear    Stretch   Stagger   Buckle   Prop-Tw   Opening     Shift     Slide     Rise      Tilt      Roll      Twist
C-G      0.000     0.000     0.000     0.000     0.000     0.000     0.000     0.000     0.000     0.000     0.000     0.000
C-G      0.000     0.000     0.000     0.000     0.000     0.000    -0.117    -1.351     3.266    -3.870    13.679    31.968
C-G      0.000     0.000     0.000     0.000     0.000     0.000    -1.037    -2.307     3.264    -2.343     2.891    31.757
C-G      0.000     0.000     0.000     0.000     0.000     0.000     0.513    -1.543     3.624    -0.065    17.115    38.323
C-G      0.000     0.000     0.000     0.000     0.000     0.000    -0.314    -1.657     3.279    -1.681     8.234    39.489
C-G      0.000     0.000     0.000     0.000     0.000     0.000    -0.275    -1.545     3.350    -5.569    10.648    41.141
C-G      0.000     0.000     0.000     0.000     0.000     0.000     0.120    -1.507     3.936     1.786     9.321    33.279
C-G      0.000     0.000     0.000     0.000     0.000     0.000    -0.336    -2.017     3.515    -0.140     4.700    32.680
C-G      0.000     0.000     0.000     0.000     0.000     0.000     0.253    -1.959     2.826    -2.896    -7.954    33.259
C-G      0.000     0.000     0.000     0.000     0.000     0.000    -0.186    -1.904     3.368    -0.591     3.872    29.840
C-G      0.000     0.000     0.000     0.000     0.000     0.000    -0.363    -1.067     3.446     3.206     3.750    39.486
