  11 # base-pairs
   0 # ***local base-pair & step parameters***
#        Shear    Stretch   Stagger   Buckle   Prop-Tw   Opening     Shift     Slide     Rise      Tilt      Roll      Twist
G-C      0.000     0.000     0.000     0.000     0.000     0.000     7.124    11.788    -2.972   -24.550    -3.770   138.924
G-C      0.000     0.000     0.000     0.000     0.000     0.000     0.530    -2.105     3.497     8.349     3.787    33.623
G-C      0.000     0.000     0.000     0.000     0.000     0.000     0.194    -2.250     3.705    -0.900     1.422    30.204
G-C      0.000     0.000     0.000     0.000     0.000     0.000     0.614    -2.098     3.577     6.619     4.682    28.380
G-C      0.000     0.000     0.000     0.000     0.000     0.000    -0.252    -1.723     3.372    -3.792     2.283    40.434
G-C      0.000     0.000     0.000     0.000     0.000     0.000     1.435    -2.219     3.479     2.627    10.498    24.912
G-C      0.000     0.000     0.000     0.000     0.000     0.000    -0.060    -1.385     3.061    -2.703     7.887    40.946
G-C      0.000     0.000     0.000     0.000     0.000     0.000     0.659    -2.331     3.459     2.707     8.251    23.922
G-C      0.000     0.000     0.000     0.000     0.000     0.000     0.214    -2.250     3.239     8.124     6.512    31.069
G-C      0.000     0.000     0.000     0.000     0.000     0.000    -0.749    -1.642     3.519     0.326     5.635    43.078
G-C      0.000     0.000     0.000     0.000     0.000     0.000    -0.094    -1.391     3.636     7.765     6.977    41.695
